                             0
prevNumToWrite          100.00
middleCalculationVal     -6.00
middleCalculationCount   14.00
countComplete           116.00
count_0_numToWrite      100.00
0                        -0.84
1                        -0.72
2                        -0.82
3                        -0.74
4                        -0.72
5                        -0.84
6                        -0.70
7                        -0.86
8                        -0.84
9                        -0.80
10                       -0.76
11                       -0.72
12                       -0.68
13                       -0.66
14                       -0.80
15                       -0.66
16                       -0.68
17                       -0.72
18                       -0.66
19                       -0.82
20                       -0.74
21                       -0.78
22                       -0.78
23                       -0.72
24                       -0.72
25                       -0.82
26                       -0.72
27                       -0.68
28                       -0.78
29                       -0.80
30                       -0.68
31                       -0.66
32                       -0.70
33                       -0.64
34                       -0.82
35                       -0.70
36                       -0.70
37                       -0.72
38                       -0.74
39                       -0.82
40                       -0.80
41                       -0.64
42                       -0.80
43                       -0.78
44                       -0.68
45                       -0.60
46                       -0.80
47                       -0.68
48                       -0.80
49                       -0.68
50                       -0.60
51                       -0.48
52                       -0.66
53                       -0.78
54                       -0.68
55                       -0.60
56                       -0.78
57                       -0.70
58                       -0.66
59                       -0.64
60                       -0.86
61                       -0.62
62                       -0.70
63                       -0.68
64                       -0.60
65                       -0.50
66                       -0.72
67                       -0.66
68                       -0.64
69                       -0.54
70                       -0.70
71                       -0.74
72                       -0.72
73                       -0.70
74                       -0.58
75                       -0.68
76                       -0.62
77                       -0.52
78                       -0.56
79                       -0.76
80                       -0.68
81                       -0.58
82                       -0.64
83                       -0.54
84                       -0.64
85                       -0.74
86                       -0.62
87                       -0.64
88                       -0.72
89                       -0.56
90                       -0.70
91                       -0.74
92                       -0.58
93                       -0.76
94                       -0.66
95                       -0.44
96                       -0.70
97                       -0.84
98                       -0.64
99                       -0.72
100                      -0.72
101                      -0.66
102                      -0.70
103                      -0.70
104                      -0.66
105                      -0.68
106                      -0.76
107                      -0.62
108                      -0.70
109                      -0.76
110                      -0.50
111                      -0.76
112                      -0.58
113                      -0.76
114                      -0.60
115                      -0.58