                             0
prevNumToWrite          100.00
middleCalculationVal     -9.00
middleCalculationCount   21.00
countComplete           120.00
count_0_numToWrite      100.00
0                        -0.82
1                        -0.86
2                        -0.74
3                        -0.72
4                        -0.74
5                        -0.62
6                        -0.74
7                        -0.68
8                        -0.78
9                        -0.74
10                       -0.70
11                       -0.74
12                       -0.78
13                       -0.58
14                       -0.80
15                       -0.66
16                       -0.78
17                       -0.86
18                       -0.68
19                       -0.80
20                       -0.72
21                       -0.66
22                       -0.58
23                       -0.80
24                       -0.74
25                       -0.70
26                       -0.62
27                       -0.78
28                       -0.68
29                       -0.68
30                       -0.60
31                       -0.68
32                       -0.60
33                       -0.74
34                       -0.64
35                       -0.80
36                       -0.64
37                       -0.72
38                       -0.70
39                       -0.64
40                       -0.56
41                       -0.60
42                       -0.64
43                       -0.58
44                       -0.42
45                       -0.64
46                       -0.58
47                       -0.64
48                       -0.66
49                       -0.52
50                       -0.56
51                       -0.64
52                       -0.52
53                       -0.62
54                       -0.48
55                       -0.74
56                       -0.56
57                       -0.54
58                       -0.62
59                       -0.42
60                       -0.64
61                       -0.70
62                       -0.52
63                       -0.56
64                       -0.48
65                       -0.38
66                       -0.50
67                       -0.48
68                       -0.54
69                       -0.52
70                       -0.58
71                       -0.40
72                       -0.46
73                       -0.58
74                       -0.30
75                       -0.40
76                       -0.46
77                       -0.50
78                       -0.32
79                       -0.50
80                       -0.46
81                       -0.34
82                       -0.48
83                       -0.56
84                       -0.68
85                       -0.48
86                       -0.44
87                       -0.22
88                       -0.32
89                       -0.46
90                       -0.30
91                       -0.46
92                       -0.34
93                       -0.32
94                       -0.36
95                       -0.36
96                       -0.28
97                       -0.34
98                       -0.32
99                       -0.42
100                      -0.34
101                      -0.44
102                      -0.12
103                      -0.38
104                      -0.34
105                      -0.38
106                      -0.30
107                      -0.30
108                      -0.26
109                      -0.18
110                      -0.26
111                      -0.26
112                      -0.20
113                      -0.22
114                      -0.38
115                      -0.34
116                      -0.18
117                      -0.38
118                      -0.32
119                      -0.36