                             0
prevNumToWrite          100.00
middleCalculationVal     -5.00
middleCalculationCount   59.00
countComplete           346.00
count_0_numToWrite      100.00
0                        -0.68
1                        -0.74
2                        -0.74
3                        -0.80
4                        -0.70
5                        -0.80
6                        -0.74
7                        -0.84
8                        -0.82
9                        -0.78
10                       -0.90
11                       -0.92
12                       -0.86
13                       -0.72
14                       -0.80
15                       -0.82
16                       -0.78
17                       -0.86
18                       -0.80
19                       -0.78
20                       -0.76
21                       -0.80
22                       -0.82
23                       -0.86
24                       -0.78
25                       -0.62
26                       -0.84
27                       -0.78
28                       -0.84
29                       -0.80
30                       -0.78
31                       -0.72
32                       -0.78
33                       -0.76
34                       -0.82
35                       -0.78
36                       -0.64
37                       -0.76
38                       -0.80
39                       -0.72
40                       -0.82
41                       -0.64
42                       -0.64
43                       -0.70
44                       -0.74
45                       -0.66
46                       -0.76
47                       -0.72
48                       -0.74
49                       -0.74
50                       -0.64
51                       -0.62
52                       -0.80
53                       -0.66
54                       -0.66
55                       -0.70
56                       -0.80
57                       -0.64
58                       -0.68
59                       -0.78
60                       -0.70
61                       -0.72
62                       -0.68
63                       -0.66
64                       -0.64
65                       -0.68
66                       -0.68
67                       -0.62
68                       -0.70
69                       -0.78
70                       -0.58
71                       -0.64
72                       -0.66
73                       -0.56
74                       -0.64
75                       -0.64
76                       -0.66
77                       -0.60
78                       -0.68
79                       -0.66
80                       -0.66
81                       -0.56
82                       -0.60
83                       -0.70
84                       -0.58
85                       -0.52
86                       -0.50
87                       -0.48
88                       -0.62
89                       -0.62
90                       -0.60
91                       -0.60
92                       -0.38
93                       -0.68
94                       -0.62
95                       -0.48
96                       -0.40
97                       -0.58
98                       -0.48
99                       -0.44
100                      -0.56
101                      -0.50
102                      -0.42
103                      -0.48
104                      -0.28
105                      -0.62
106                      -0.48
107                      -0.60
108                      -0.46
109                      -0.46
110                      -0.52
111                      -0.44
112                      -0.32
113                      -0.34
114                      -0.36
115                      -0.46
116                      -0.48
117                      -0.46
118                      -0.38
119                      -0.28
120                      -0.22
121                      -0.32
122                      -0.32
123                      -0.22
124                      -0.24
125                      -0.28
126                      -0.46
127                      -0.34
128                      -0.20
129                      -0.28
130                      -0.24
131                      -0.28
132                      -0.22
133                      -0.24
134                      -0.42
135                      -0.38
136                      -0.40
137                      -0.24
138                      -0.28
139                      -0.26
140                      -0.20
141                      -0.20
142                      -0.20
143                      -0.24
144                      -0.18
145                      -0.08
146                      -0.34
147                      -0.20
148                      -0.40
149                      -0.16
150                      -0.16
151                      -0.24
152                      -0.16
153                      -0.34
154                      -0.18
155                       0.10
156                      -0.22
157                      -0.14
158                      -0.04
159                      -0.10
160                      -0.12
161                      -0.14
162                      -0.10
163                      -0.20
164                      -0.14
165                      -0.22
166                       0.02
167                      -0.08
168                      -0.24
169                      -0.08
170                      -0.08
171                      -0.16
172                      -0.06
173                      -0.30
174                       0.00
175                      -0.20
176                      -0.18
177                      -0.14
178                       0.00
179                      -0.08
180                      -0.24
181                      -0.22
182                      -0.04
183                       0.00
184                      -0.16
185                       0.04
186                      -0.08
187                      -0.12
188                      -0.12
189                       0.00
190                      -0.08
191                      -0.02
192                       0.06
193                       0.02
194                      -0.10
195                      -0.06
196                       0.08
197                      -0.08
198                      -0.06
199                      -0.04
200                      -0.02
201                      -0.34
202                      -0.12
203                       0.00
204                      -0.20
205                       0.00
206                       0.06
207                      -0.20
208                       0.12
209                      -0.24
210                       0.08
211                       0.02
212                       0.02
213                       0.00
214                      -0.10
215                      -0.04
216                      -0.12
217                       0.00
218                       0.10
219                       0.02
220                       0.00
221                       0.10
222                      -0.06
223                      -0.10
224                       0.00
225                      -0.20
226                       0.04
227                       0.12
228                       0.00
229                       0.04
230                       0.00
231                       0.00
232                       0.20
233                       0.08
234                       0.02
235                       0.06
236                      -0.04
237                       0.24
238                       0.08
239                       0.14
240                       0.04
241                       0.00
242                       0.02
243                       0.18
244                       0.00
245                      -0.12
246                       0.12
247                       0.10
248                      -0.02
249                       0.04
250                       0.02
251                       0.22
252                       0.16
253                       0.14
254                       0.06
255                       0.14
256                       0.02
257                       0.14
258                       0.02
259                       0.00
260                       0.20
261                       0.12
262                       0.08
263                       0.18
264                       0.04
265                       0.02
266                       0.16
267                       0.06
268                      -0.16
269                      -0.04
270                       0.08
271                       0.10
272                       0.14
273                       0.14
274                       0.32
275                       0.04
276                       0.10
277                       0.28
278                       0.10
279                       0.18
280                      -0.06
281                       0.22
282                       0.14
283                       0.16
284                       0.24
285                       0.06
286                      -0.08
287                       0.22
288                       0.26
289                       0.14
290                       0.06
291                       0.28
292                       0.20
293                       0.00
294                       0.08
295                       0.22
296                       0.32
297                       0.06
298                       0.10
299                       0.16
300                       0.14
301                       0.10
302                       0.04
303                       0.34
304                      -0.02
305                       0.20
306                       0.16
307                       0.24
308                       0.10
309                       0.08
310                       0.04
311                       0.10
312                       0.02
313                       0.32
314                       0.10
315                       0.14
316                       0.04
317                       0.14
318                       0.06
319                       0.04
320                       0.26
321                       0.16
322                       0.20
323                       0.16
324                       0.24
325                       0.08
326                       0.26
327                       0.14
328                       0.02
329                      -0.08
330                       0.24
331                       0.32
332                       0.28
333                       0.08
334                       0.20
335                       0.30
336                       0.16
337                       0.16
338                       0.16
339                       0.24
340                       0.18
341                       0.10
342                       0.14
343                       0.22
344                       0.38
345                       0.26